0.334
0.1623
0.0977
0.4699
0.5981
0.541
0.7843
0.1324
0.3145
0.0538
0.3419
0.2964
0.8402
0.5425
0.5662
0.9048
0.6227
0.056
0.7962
0.177
0.3532
0.8481
0.6558
0.1244
0.6813
0.5759
0.75
0.2823
0.7658
0.2157
0.4099
0.8874
0.4035
0.1959
0.4569
0.0734
0.0945
0.3856
0.0103
0.4292
0.5798
0.2609
0.3713
0.3795
0.4776
0.1907
0.5302
0.49
0.9182
0.9284
0.0004
0.6998
0.013
0.77
0.1788
0.944
0.6698
0.3207
0.0526
0.3868
0.3978
0.6713
0.5926
0.9473
0.9359
0.5581
0.7502
0.657
0.9881
0.3552
0.8311
0.0357
0.0407
0.2052
0.5036
0.8401
0.9426
0.1147
0.8958
0.2816
0.9997
0.8378
0.5511
0.8558
0.698
0.4205
0.3091
0.5516
0.3301
0.356
0.7711
0.0355
0.9125
0.926
0.8459
0.7154
0.3291
0.4439
0.9436
0.6855
0.1639
0.516
0.2442
0.3598
0.5233
0.9721
0.0696
0.5925
0.3776
0.0952
0.5884
0.1098
0.3234
0.3144
0.5717
0.5339
0.2381
0.9848
0.9573
0.4396
0.1882
0.3504
0.7733
0.0443
0.5987
0.6031
0.0666
0.1851
0.0419
0.8205
0.08
0.74
0.6657
0.915
0.0915
0.0257
0.6759
0.7654
0.3166
0.1446
0.3523
0.9162
0.8561
0.2287
0.9204
0.7431
0.3588
0.0802
0.0258
0.5178
0.761
0.962
0.3739
0.7862
0.3045
0.3309
0.2114
0.9716
0.5492
0.7895
0.3845
0.6184
0.7974
0.4718
0.2729
0.1097
0.7669
0.4236
0.4947
0.4855
0.6354
0.327
0.4613
0.456
0.0306
0.9381
0.9385
0.0654
0.1172
0.3798
0.6064
0.5521
0.7871
0.6852
0.3155
0.175
0.0572
0.6843
0.5187
0.2336
0.5808
0.4296
0.261
0.675
0.9151
0.1146
0.3997
0.1287
0.8539
0.7982
0.8581
0.617
0.1212
0.4678
0.4037
0.1177
0.0358
0.1115
0.2382
0.0356
0.2751
0.3194
0.1297
0.4531
0.6876
0.0286
0.248
0.1428
0.7703
0.1692
0.2797
0.2951
0.4689
0.3127
0.2805
0.5489
0.9711
0.8067
0.4508
0.994
0.1128
0.0975
0.6538
0.3034
0.7933
0.4025
0.1678
0.0045
0.1669
0.322
0.7109
0.0677
0.1544
0.2379
0.7725
0.251
0.9463
0.9598
0.9309
0.9954
0.0793
0.82
0.7632
0.4936
0.3524
0.6271
0.6673
0.4679
0.393
0.2673
0.2516
0.6444
0.8795
0.3381
0.1668
0.2505
0.9391
0.9427
0.2467
0.9174
0.3565
0.2255
0.4754
0.9191
0.2249
0.1292
0.9005
0.7172
0.4325
0.1471
0.2529
0.6264
0.5661
0.7697
0.8954
0.7616
0.0493
0.941
0.4591
0.1163
0.949
0.8327
0.3386
0.8567
0.6433
0.8854
0.9389
0.8457
0.8319
0.9421
0.5136
0.1335
0.2254
0.2565
0.9966
0.0536
0.5796
0.5057
0.8903
0.4779
0.0982
0.6518
0.4714
0.8297
0.8645
0.3369
0.4574
0.3792
0.1185
0.1255
0.1388
0.838
0.1028
0.8842
0.8275
0.4983
0.0436
0.5197
0.3047
0.8628
0.8882
0.5424
0.7675
0.69
0.0498
0.4386
0.4913
0.7998
0.0603
0.4194
0.653
0.6347
0.1325
0.4066
0.7721
0.2801
0.8186
0.8791
0.5556
0.4092
0.586
0.0254
0.4598
0.0499
0.806
0.8644
0.5014
0.3502
0.4973
0.9675
0.7915
0.9156
0.6678
0.9404
0.8139
0.6688
0.6381
0.9096
0.058
0.5543
0.2831
0.2461
0.8348
0.9049
0.9195
0.1832
0.5499
0.6503
0.4845
0.1783
0.0354
0.6488
0.311
0.5413
0.6664
0.7772
0.4148
0.3036
0.3812
0.3883
0.4414
0.0673
0.2541
0.4289
0.6742
0.7314
0.4232
0.7937
0.7794
0.9793
0.2635
0.3696
0.3791
0.4352
0.2055
0.0343
0.1685
0.265
0.2793
0.9139
0.1834
0.3881
0.5618
0.8805
0.7605
0.6833
0.3931
0.3568
0.7287
0.1293
0.2064
0.8223
0.9827
0.1221
0.7529
0.3734
0.9409
0.9685
0.8789
0.7926
0.5726
0.8886
0.6519
0.2675
0.3481
0.8794
0.3823
0.4778
0.7141
0.1608
0.3999
0.8341
0.7673
0.7505
0.5308
0.3229
0.441
0.9413
0.3953
0.702
0.9974
0.6738
0.7475
0.3968
0.502
0.9739
0.201
0.5668
0.4173
0.5203
0.0607
0.4354
0.5834
0.2655
0.0174
0.8024
0.9552
0.061
0.5603
0.9532
0.6368
0.5969
0.3471
0.4755
0.6879
0.7569
0.8864
0.4585
0.4431
0.3358
0.8141
0.1514
0.1973
0.1894
0.0019
0.5523
0.4295
0.7336
0.8175
0.7428
0.8134
0.6772
0.001
0.5612
0.662
0.0525
0.2603
0.3909
0.0764
0.1545
0.8179
0.6196
0.0873
0.3517
0.2215
0.6873
0.6994
0.3428
0.4023
0.3387
0.2226
0.442
0.6015
0.8889
0.4738
0.9994
0.5991
0.3727
0.8426
0.1724
0.1898
0.851
0.7596
0.7499
0.064
0.1806
0.5461
0.2911
0.4665
0.4625
0.6991
0.8444
0.3934
0.459
0.2596
0.439
0.4124
0.7348
0.0581
0.718
0.3923
0.6132
0.3156
0.1037
0.0767
0.5423
0.4217
0.4943
0.9238
0.7551
0.1983
0.1672
0.8711
0.0279
0.9118
0.6309
0.5
0.4267
0.6174
0.3251
0.9255
0.6502
0.0706
0.8325
0.5921
0.1902
0.2274
0.6034
0.5118
0.9489
0.6421
0.7173
0.2205
0.2613
0.3107
0.28
0.7301
0.6232
0.9046
0.4712
0.8833
0.6094
0.8807
0.4278
0.4923
0.7989
0.6875
0.8103
0.7161
0.8263
0.115
0.4949
0.2969
0.2802
0.6684
0.7309
0.9352
0.8328
0.0931
0.6118
0.803
0.6545
0.363
0.5267
0.4716
0.6745
0.9569
0.6435
0.0287
0.1073
0.8178
0.6307
0.9855
0.8046
0.4578
0.595
0.8757
0.2796
0.5441
0.6985
0.2239
0.8419
0.0053
0.3543
0.2165
0.0278
0.7024
0.6573
0.0974
0.455
0.1645
0.895
0.2083
0.4273
0.4348
0.0576
0.6013
0.0573
0.9907
0.1339
0.3203
0.9361
0.4434
0.3056
0.5529
0.6505
0.2176
0.7171
0.1033
0.5239
0.6355
0.8313
0.2743
0.0334
0.2547
0.2686
0.0107
0.2943
0.723
0.7778
0.9771
0.4825
0.5373
0.6198
0.9783
0.4358
0.7471
0.2815
0.3511
0.281
0.2351
0.7965
0.816
0.9661
0.2192
0.1922
0.0719
0.9239
0.4685
0.8408
0.6868
0.9251
0.6823
0.7908
0.1081
0.6119
0.0014
0.42
0.2117
0.4783
0.4577
0.4123
0.1757
0.4553
0.834
0.4301
0.3587
0.7736
0.4675
0.4127
0.9374
0.9466
0.5099
0.242
0.8755
0.257
0.973
0.3915
0.3433
0.4151
0.0954
0.6231
0.0412
0.5549
0.8137
0.4004
0.5829
0.8447
0.5524
0.1484
0.3603
0.9747
0.2924
0.2925
0.4826
0.2291
0.125
0.8671
0.6471
0.4441
0.9297
0.7439
0.4621
0.4281
0.9399
0.5412
0.4537
0.1184
0.7644
0.2999
0.3447
0.7265
0.539
0.6672
0.3051
0.5122
0.0445
0.1746
0.0733
0.945
0.1418
0.0396
0.139
0.6978
0.5161
0.1186
0.9148
0.8583
0.4367
0.9852
0.2976
0.4931
0.5785
0.5935
0.1728
0.1318
0.7074
0.7346
0.1877
0.8029
0.5333
0.6844
0.4749
0.6065
0.3944
0.7081
0.0274
0.2197
0.3788
0.4246
0.2129
0.0187
0.7034
0.9885
0.7278
0.1015
0.1053
0.2284
0.6891
0.3554
0.9243
0.0675
0.6162
0.1458
0.07
0.3591
0.2694
0.6076
0.9544
0.9949
0.0397
0.6074
0.0495
0.4815
0.2763
0.3918
0.9594
0.1483
0.1426
0.6406
0.3687
0.9972
0.9294
0.5773
0.3729
0.9717
0.0496
0.3774
0.8111
0.8202
0.8045
0.2278
0.3723
0.9171
0.3368
0.044
0.597
0.6988
0.3122
0.4547
0.1111
0.5627
0.4046
0.9701
0.9755
0.7652
0.5468
0.5135
0.3675
0.2634
0.9304
0.405
0.2651
0.934
0.9684
0.2982
0.7317
0.1725
0.4007
0.8065
0.4361
0.6253
0.1666
0.8528
0.7887
0.8808
0.1459
0.5927
0.5332
0.9172
0.0006
0.5787
0.4494
0.6257
0.8364
0.6259
0.1199
0.5896
0.9829
0.4644
0.8935
0.4724
0.4745
0.2391
0.9083
0.1236
0.204
0.6951
0.5237
0.6315
0.0288
0.1331
0.2773
0.737
0.4187
0.7913
0.5196
0.1352
0.2536
0.9524
0.3405
0.7342
0.6769
0.507
0.9741
0.1567
0.1267
0.7834
0.9811
0.6235
0.2048
0.72
0.743
0.649
0.3429
0.1712
0.5959
0.4212
0.5721
0.8509
0.8285
0.0361
0.6904
0.6871
0.3064
0.8329
0.6723
0.3885
0.1366
0.1829
0.839
0.0792
0.2847
0.8174
0.4687
0.5147
0.7591
0.8823
0.556
0.3231
0.1101
0.5326
0.9006
0.3563
0.5071
0.9576
0.5433
0.1716
0.671
0.0937
0.7185
0.1763
0.5729
0.0547
0.3542
0.1268
0.4856
0.9955
0.5205
0.6311
0.8384
0.0059
0.19
0.5264
0.8003
0.3616
0.4831
0.514
0.1499
0.5881
0.9735
0.3864
0.4081
0.1043
0.165
0.1478
0.7856
0.0423
0.6289
0.5562
0.1942
0.8206
0.2906
0.4816
0.429
0.4828
0.4653
0.0859
0.7242
0.5744
0.9453
0.0158
0.808
0.6615
0.4952
0.2875
0.4841
0.8937
0.9731
0.304
0.4165
0.9037
0.8568
0.3683
0.17
0.2587
0.0405
0.7507
0.6078
0.8022
